100 4 1
41779 28672 11468 1638 
8192 
40140 24576 11468 1638 
8192 
38502 26214 10649 1638 
8192 
37683 25395 12288 1638 
8192 
40960 29491 11468 1638 
8192 
44236 31948 13926 3276 
8192 
37683 27852 11468 2457 
8192 
40960 27852 12288 1638 
8192 
36044 23756 11468 1638 
8192 
40140 25395 12288 819 
8192 
44236 30310 12288 1638 
8192 
39321 27852 13107 1638 
8192 
39321 24576 11468 819 
8192 
35225 24576 9011 819 
8192 
47513 32768 9830 1638 
8192 
46694 36044 12288 3276 
8192 
44236 31948 10649 3276 
8192 
41779 28672 11468 2457 
8192 
46694 31129 13926 2457 
8192 
41779 31129 12288 2457 
8192 
44236 27852 13926 1638 
8192 
41779 30310 12288 3276 
8192 
37683 29491 8192 1638 
8192 
41779 27033 13926 4096 
8192 
39321 27852 15564 1638 
8192 
40960 24576 13107 1638 
8192 
40960 27852 13107 3276 
8192 
42598 28672 12288 1638 
8192 
42598 27852 11468 1638 
8192 
38502 26214 13107 1638 
8192 
39321 25395 13107 1638 
8192 
44236 27852 12288 3276 
8192 
42598 33587 12288 819 
8192 
45056 34406 11468 1638 
8192 
40140 25395 12288 819 
8192 
40960 26214 9830 1638 
8192 
45056 28672 10649 1638 
8192 
40140 25395 12288 819 
8192 
36044 24576 10649 1638 
8192 
41779 27852 12288 1638 
8192 
40960 28672 10649 2457 
8192 
36864 18841 10649 2457 
8192 
36044 26214 10649 1638 
8192 
40960 28672 13107 4915 
8192 
41779 31129 15564 3276 
8192 
39321 24576 11468 2457 
8192 
41779 31129 13107 1638 
8192 
37683 26214 11468 1638 
8192 
43417 30310 12288 1638 
8192 
40960 27033 11468 1638 
8192 
57344 26214 38502 11468 
-8192 
52428 26214 36864 12288 
-8192 
56524 25395 40140 12288 
-8192 
45056 18841 32768 10649 
-8192 
53248 22937 37683 12288 
-8192 
46694 22937 36864 10649 
-8192 
51609 27033 38502 13107 
-8192 
40140 19660 27033 8192 
-8192 
54067 23756 37683 10649 
-8192 
42598 22118 31948 11468 
-8192 
40960 16384 28672 8192 
-8192 
48332 24576 34406 12288 
-8192 
49152 18022 32768 8192 
-8192 
49971 23756 38502 11468 
-8192 
45875 23756 29491 10649 
-8192 
54886 25395 36044 11468 
-8192 
45875 24576 36864 12288 
-8192 
47513 22118 33587 8192 
-8192 
50790 18022 36864 12288 
-8192 
45875 20480 31948 9011 
-8192 
48332 26214 39321 14745 
-8192 
49971 22937 32768 10649 
-8192 
51609 20480 40140 12288 
-8192 
49971 22937 38502 9830 
-8192 
52428 23756 35225 10649 
-8192 
54067 24576 36044 11468 
-8192 
55705 22937 39321 11468 
-8192 
54886 24576 40960 13926 
-8192 
49152 23756 36864 12288 
-8192 
46694 21299 28672 8192 
-8192 
45056 19660 31129 9011 
-8192 
45056 19660 30310 8192 
-8192 
47513 22118 31948 9830 
-8192 
49152 22118 41779 13107 
-8192 
44236 24576 36864 12288 
-8192 
49152 27852 36864 13107 
-8192 
54886 25395 38502 12288 
-8192 
51609 18841 36044 10649 
-8192 
45875 24576 33587 10649 
-8192 
45056 20480 32768 10649 
-8192 
45056 21299 36044 9830 
-8192 
49971 24576 37683 11468 
-8192 
47513 21299 32768 9830 
-8192 
40960 18841 27033 8192 
-8192 
45875 22118 34406 10649 
-8192 
46694 24576 34406 9830 
-8192 
46694 23756 34406 10649 
-8192 
50790 23756 35225 10649 
-8192 
41779 20480 24576 9011 
-8192 
46694 22937 33587 10649 
-8192 
